<CoordinateSystem> { Z-up } 
  <Group> Man_Armature {
    <Dart> { 1 }
    <Joint> Root {
      <Transform> {
        <Matrix4> {
          1.0 0.0 0.0 0.0 
          0.0 0.0 1.0 0.0 
          0.0 -1.0 0.0 0.0 
          0.0 0.0 0.010284073650836945 1.0 
        }
      }
      <Joint> Head {
        <Transform> {
          <Matrix4> {
            1.0 -4.0650469657066424e-08 -5.0527432904345915e-08 0.0 
            -5.052852003473163e-08 -0.976797878742218 -0.214163139462471 0.0 
            -4.0650292021382484e-08 0.214163139462471 -0.9767954349517822 0.0 
            4.371138828673793e-08 15.812766075134277 0.633315920829773 1.0 
          }
        }
        <Joint> Neck {
          <Transform> {
            <Matrix4> {
              1.0 -5.05285413510137e-08 -4.065039860279285e-08 0.0 
              4.065033465394663e-08 0.9767976999282837 -0.2141636312007904 0.0 
              5.052859464171888e-08 0.2141636312007904 0.9767978191375732 0.0 
              -7.904787935331115e-14 1.7301671504974365 1.1920928955078125e-07 1.0 
            }
          }
          <Joint> Bicep.L {
            <Transform> {
              <Matrix4> {
                0.5480045080184937 -0.5184974074363708 -0.6563927531242371 0.0 
                0.6563923358917236 0.7529679536819458 -0.04677984490990639 0.0 
                0.518497884273529 -0.4052155911922455 0.7529676556587219 0.0 
                1.811632513999939 1.6669225692749023 0.1690213829278946 1.0 
              }
            }
            <Joint> Forearm.L {
              <Transform> {
                <Matrix4> {
                  0.8298906683921814 -0.5572041869163513 -0.028371017426252365 0.0 
                  0.4919419288635254 0.7547844648361206 -0.4339280128479004 0.0 
                  0.2632005512714386 0.3461558222770691 0.9005006551742554 0.0 
                  3.725290298461914e-07 2.05082368850708 -1.1473894119262695e-06 1.0 
                }
              }
              <Joint> Index_Knuckle.L {
                <Transform> {
                  <Matrix4> {
                    0.6785875558853149 0.25412407517433167 0.6891587972640991 0.0 
                    0.01590684801340103 0.9329400062561035 -0.3596799969673157 0.0 
                    -0.7343472838401794 0.25503677129745483 0.6290391683578491 0.0 
                    0.19875231385231018 3.158336639404297 -0.3105435371398926 1.0 
                  }
                }
                <Joint> Index_Finger_0.L {
                  <Transform> {
                    <Matrix4> {
                      0.9995909929275513 0.028597399592399597 0.00015081465244293213 0.0 
                      -0.028597354888916016 0.9995354413986206 0.010539129376411438 0.0 
                      0.00015061348676681519 -0.010539144277572632 0.9999443888664246 0.0 
                      4.172325134277344e-07 0.1342194676399231 -8.344650268554688e-07 1.0 
                    }
                  }
                  <Joint> Index_Finger_1.L {
                    <Transform> {
                      <Matrix4> {
                        0.8093393445014954 0.173883855342865 0.561011791229248 0.0 
                        -0.2200830578804016 0.97536301612854 0.01519038900732994 0.0 
                        -0.5445486307144165 -0.1357634961605072 0.8276684880256653 0.0 
                        -7.748603820800781e-07 0.3359108567237854 4.76837158203125e-07 1.0 
                      }
                    }
                    <Joint> Index_Finger_2.L {
                      <Transform> {
                        <Matrix4> {
                          0.9648667573928833 0.09780730307102203 0.24385637044906616 0.0 
                          -0.09289416670799255 0.9951745867729187 -0.031595855951309204 0.0 
                          -0.24576997756958008 0.007832926698029041 0.9692965149879456 0.0 
                          1.9371509552001953e-07 0.20813137292861938 4.470348358154297e-07 1.0 
                        }
                      }
                    }
                  }
                }
              }
              <Joint> Middle_Knuckle.L {
                <Transform> {
                  <Matrix4> {
                    0.5065698623657227 0.2839389443397522 0.8141041994094849 0.0 
                    -0.2928478419780731 0.9447477459907532 -0.14728178083896637 0.0 
                    -0.8109420537948608 -0.16380012035369873 0.5617315769195557 0.0 
                    0.0839352011680603 3.150873899459839 -0.16197657585144043 1.0 
                  }
                }
                <Joint> Minddle_Finger_0.L {
                  <Transform> {
                    <Matrix4> {
                      0.9996438026428223 0.024745814502239227 0.009990982711315155 0.0 
                      -0.023174818605184555 0.9906027317047119 -0.13479283452033997 0.0 
                      -0.013232607394456863 0.13451330363750458 0.9908233880996704 0.0 
                      -5.811452865600586e-07 0.17987310886383057 0.0 1.0 
                    }
                  }
                  <Joint> Middle_Finger_1.L {
                    <Transform> {
                      <Matrix4> {
                        0.9736921191215515 0.1946292519569397 0.11850402504205704 0.0 
                        -0.1943102926015854 0.9808349609375 -0.014351781457662582 0.0 
                        -0.11902616173028946 -0.009052306413650513 0.9928497672080994 0.0 
                        1.043081283569336e-07 0.3715229034423828 1.1920928955078125e-07 1.0 
                      }
                    }
                    <Joint> Middle_Finger_2.L {
                      <Transform> {
                        <Matrix4> {
                          0.9947751760482788 0.04501566290855408 0.09162876754999161 0.0 
                          -0.047117024660110474 0.9986706376075745 0.020899947732686996 0.0 
                          -0.09056611359119415 -0.025108085945248604 0.9955739378929138 0.0 
                          -8.642673492431641e-07 0.25084561109542847 -8.344650268554688e-07 1.0 
                        }
                      }
                    }
                  }
                }
              }
              <Joint> Ring_Knucle.L {
                <Transform> {
                  <Matrix4> {
                    0.5732380747795105 0.4262344241142273 0.6998016834259033 0.0 
                    -0.4321506917476654 0.882882297039032 -0.18375158309936523 0.0 
                    -0.6961636543273926 -0.197086364030838 0.6902991533279419 0.0 
                    -0.04995432496070862 3.1551523208618164 -0.028450965881347656 1.0 
                  }
                }
                <Joint> Ring_Finger_0.L {
                  <Transform> {
                    <Matrix4> {
                      0.9973573088645935 -0.07263526320457458 0.0015701055526733398 0.0 
                      0.0726514607667923 0.9970120787620544 -0.026239559054374695 0.0 
                      0.00034049153327941895 0.026284225285053253 0.9996544122695923 0.0 
                      -4.172325134277344e-07 0.15486347675323486 2.384185791015625e-07 1.0 
                    }
                  }
                  <Joint> Ring_Finger_1.L {
                    <Transform> {
                      <Matrix4> {
                        0.989682674407959 0.11495863646268845 0.08551286160945892 0.0 
                        -0.10672713071107864 0.9897101521492004 -0.0953039675951004 0.0 
                        -0.0955890566110611 0.08519415557384491 0.9917685389518738 0.0 
                        3.5762786865234375e-07 0.3581547737121582 4.76837158203125e-07 1.0 
                      }
                    }
                    <Joint> Ring_Finger_2.L {
                      <Transform> {
                        <Matrix4> {
                          0.9717479944229126 0.1131054162979126 0.2071545124053955 0.0 
                          -0.10981200635433197 0.9935755729675293 -0.02736688405275345 0.0 
                          -0.20891904830932617 0.0038457103073596954 0.9779254198074341 0.0 
                          -5.960464477539062e-07 0.26892900466918945 -8.344650268554688e-07 1.0 
                        }
                      }
                    }
                  }
                }
              }
              <Joint> Pinky_Knuckle.L {
                <Transform> {
                  <Matrix4> {
                    0.7122915983200073 0.4078507721424103 0.5712252855300903 0.0 
                    -0.4497615098953247 0.8900244235992432 -0.0746392160654068 0.0 
                    -0.5388462543487549 -0.20375028252601624 0.8173924684524536 0.0 
                    -0.2216801643371582 3.11077880859375 0.04304695129394531 1.0 
                  }
                }
                <Joint> Pinky_Finger_0 {
                  <Transform> {
                    <Matrix4> {
                      0.9999908804893494 -0.004280775785446167 -2.7835369110107422e-05 0.0 
                      0.004280701279640198 0.9998679757118225 0.01567913591861725 0.0 
                      -3.933161497116089e-05 -0.015679121017456055 0.9998772144317627 0.0 
                      -8.940696716308594e-07 0.09956681728363037 -1.7881393432617188e-07 1.0 
                    }
                  }
                  <Joint> Pinky_Finger_1.L {
                    <Transform> {
                      <Matrix4> {
                        0.9336907267570496 0.20898377895355225 0.2907704710960388 0.0 
                        -0.19039957225322723 0.9774670004844666 -0.0911387950181961 0.0 
                        -0.3032650947570801 0.029732897877693176 0.9524422883987427 0.0 
                        3.5762786865234375e-07 0.2538902759552002 3.5762786865234375e-07 1.0 
                      }
                    }
                    <Joint> Pinky_Finger_2.L {
                      <Transform> {
                        <Matrix4> {
                          0.9649472832679749 0.14660543203353882 0.2176782190799713 0.0 
                          -0.14016753435134888 0.9891130924224854 -0.044814251363277435 0.0 
                          -0.22187837958335876 0.012731919065117836 0.9749912619590759 0.0 
                          1.4901161193847656e-07 0.16943895816802979 -2.384185791015625e-07 1.0 
                        }
                      }
                    }
                  }
                }
              }
              <Joint> Thumb_Joint.L {
                <Transform> {
                  <Matrix4> {
                    -0.9319057464599609 0.3287004232406616 0.15332159399986267 0.0 
                    0.07449806481599808 0.5871783494949341 -0.8060222864151001 0.0 
                    -0.35496699810028076 -0.7397145628929138 -0.571682333946228 0.0 
                    0.21197804808616638 2.6124932765960693 -0.24490952491760254 1.0 
                  }
                }
                <Joint> Thumb_0.L {
                  <Transform> {
                    <Matrix4> {
                      0.999903678894043 0.013874568045139313 5.545467138290405e-05 0.0 
                      -0.013874582946300507 0.9998769164085388 0.007337478920817375 0.0 
                      4.637986421585083e-05 -0.007337547838687897 0.9999730587005615 0.0 
                      2.980232238769531e-07 0.23107433319091797 1.1920928955078125e-07 1.0 
                    }
                  }
                  <Joint> Thumb_1.L {
                    <Transform> {
                      <Matrix4> {
                        0.880967378616333 -0.20672494173049927 -0.42563068866729736 0.0 
                        0.22413524985313416 0.9745128154754639 -0.009398382157087326 0.0 
                        0.4167252779006958 -0.08711914718151093 0.9048482775688171 0.0 
                        6.556510925292969e-07 0.46703076362609863 -2.980232238769531e-07 1.0 
                      }
                    }
                  }
                }
              }
            }
          }
          <Joint> Spine_0 {
            <Transform> {
              <Matrix4> {
                1.0 2.664533988550955e-15 1.0658162720444952e-13 0.0 
                -2.664534835583902e-15 1.0 5.567246856314935e-35 0.0 
                -1.0658166108576742e-13 0.0 1.0 0.0 
                2.94348692555374e-15 0.8625298738479614 0.0 1.0 
              }
            }
            <Joint> Spine_1 {
              <Transform> {
                <Matrix4> {
                  1.0 -1.3221965103777302e-21 -2.168404344971009e-19 0.0 
                  0.0 1.0 1.0533393656077355e-35 0.0 
                  2.574986363507667e-19 0.0 1.0 0.0 
                  3.5526507866041673e-15 2.021144151687622 0.0 1.0 
                }
              }
              <Joint> Spine_2 {
                <Transform> {
                  <Matrix4> {
                    1.0 -1.3221965103777302e-21 -3.276446004361071e-40 0.0 
                    0.0 1.0 1.0533485491573513e-35 0.0 
                    -6.203868892251615e-25 0.0 1.0 0.0 
                    3.552717913965237e-15 1.5920745134353638 0.0 1.0 
                  }
                }
                <Joint> Thigh.L {
                  <Transform> {
                    <Matrix4> {
                      0.9679185748100281 -0.17042088508605957 -0.18463559448719025 0.0 
                      0.1846354454755783 0.9808101654052734 0.06261805444955826 0.0 
                      0.1704210340976715 -0.09469945728778839 0.9808101654052734 0.0 
                      0.7158583402633667 1.7369011640548706 -0.3518604040145874 1.0 
                    }
                  }
                  <Joint> Shin.L {
                    <Transform> {
                      <Matrix4> {
                        0.9970084428787231 0.05768705904483795 0.05144163593649864 0.0 
                        -0.05761600285768509 0.9983345866203308 -0.0028644967824220657 0.0 
                        -0.05152123048901558 -0.00010792538523674011 0.99867182970047 0.0 
                        -1.4156103134155273e-07 3.595770835876465 1.4901161193847656e-08 1.0 
                      }
                    }
                    <Joint> Foot.L {
                      <Transform> {
                        <Matrix4> {
                          -0.9844408631324768 -0.12807264924049377 -0.12030668556690216 0.0 
                          0.038546621799468994 0.5105856657028198 -0.85896235704422 0.0 
                          0.17143644392490387 -0.850235104560852 -0.49770456552505493 0.0 
                          7.450580596923828e-08 3.591320276260376 -7.450580596923828e-09 1.0 
                        }
                      }
                      <Joint> Toes.L {
                        <Transform> {
                          <Matrix4> {
                            1.0 -2.353187937842449e-06 2.9744523999397643e-06 0.0 
                            2.856131686712615e-07 0.828745424747467 0.5596258044242859 0.0 
                            -3.7819688714080257e-06 -0.5596257448196411 0.8287453651428223 0.0 
                            -2.089293218432431e-07 1.1939421892166138 -5.3626422413799446e-08 1.0 
                          }
                        }
                      }
                    }
                  }
                }
                <Joint> Thigh.R {
                  <Transform> {
                    <Matrix4> {
                      0.9679185748100281 0.17042091488838196 0.18463559448719025 0.0 
                      -0.1846354752779007 0.9808101654052734 0.06261805444955826 0.0 
                      -0.1704210340976715 -0.09469945728778839 0.9808101654052734 0.0 
                      -0.7158582210540771 1.7369011640548706 -0.3518604040145874 1.0 
                    }
                  }
                  <Joint> Shin.R {
                    <Transform> {
                      <Matrix4> {
                        0.9970084428787231 -0.05768711119890213 -0.051441650837659836 0.0 
                        0.057616040110588074 0.9983345866203308 -0.002864530310034752 0.0 
                        0.05152123048901558 -0.00010790489614009857 0.9986717700958252 0.0 
                        8.195638656616211e-08 3.595770835876465 5.960464477539063e-08 1.0 
                      }
                    }
                    <Joint> Foot.R {
                      <Transform> {
                        <Matrix4> {
                          -0.9844408631324768 0.12807264924049377 0.12030669301748276 0.0 
                          -0.0385466143488884 0.510585606098175 -0.85896235704422 0.0 
                          -0.17143642902374268 -0.8502350449562073 -0.4977045953273773 0.0 
                          -5.774199962615967e-08 3.591320276260376 -4.470348358154297e-08 1.0 
                        }
                      }
                      <Joint> Toes.R {
                        <Transform> {
                          <Matrix4> {
                            1.0 2.345733491893043e-06 -2.948370820377022e-06 0.0 
                            -2.9403202006506035e-07 0.8287454843521118 0.5596258044242859 0.0 
                            3.7561812860076316e-06 -0.5596257448196411 0.828745424747467 0.0 
                            7.611654950778757e-08 1.1939423084259033 7.583844308101106e-08 1.0 
                          }
                        }
                      }
                    }
                  }
                }
              }
            }
          }
          <Joint> Bicep.R {
            <Transform> {
              <Matrix4> {
                0.5480045080184937 0.5184974074363708 0.6563927531242371 0.0 
                -0.6563923358917236 0.7529679536819458 -0.04677984490990639 0.0 
                -0.518497884273529 -0.4052155911922455 0.7529676556587219 0.0 
                -1.811632513999939 1.6669225692749023 0.1690213829278946 1.0 
              }
            }
            <Joint> Forearm.R {
              <Transform> {
                <Matrix4> {
                  0.8298906683921814 0.5572041869163513 0.028371017426252365 0.0 
                  -0.4919419288635254 0.7547844648361206 -0.4339280128479004 0.0 
                  -0.2632005512714386 0.3461558222770691 0.9005006551742554 0.0 
                  -3.725290298461914e-07 2.05082368850708 -1.1473894119262695e-06 1.0 
                }
              }
              <Joint> Index_Knuckle.R {
                <Transform> {
                  <Matrix4> {
                    0.6785875558853149 -0.25412407517433167 -0.6891587972640991 0.0 
                    -0.01590684801340103 0.9329400062561035 -0.3596799969673157 0.0 
                    0.7343472838401794 0.25503677129745483 0.6290391683578491 0.0 
                    -0.19875231385231018 3.158336639404297 -0.3105435371398926 1.0 
                  }
                }
                <Joint> Index_Finger_0.R {
                  <Transform> {
                    <Matrix4> {
                      0.9995909929275513 -0.028597399592399597 -0.00015081465244293213 0.0 
                      0.028597354888916016 0.9995354413986206 0.010539129376411438 0.0 
                      -0.00015061348676681519 -0.010539144277572632 0.9999443888664246 0.0 
                      -4.172325134277344e-07 0.1342194676399231 -8.344650268554688e-07 1.0 
                    }
                  }
                  <Joint> Index_Finger_1.R.001 {
                    <Transform> {
                      <Matrix4> {
                        -0.46408647298812866 0.11838918179273605 -0.8778427243232727 0.0 
                        0.2200831025838852 0.9753631353378296 0.015190484002232552 0.0 
                        0.8580135703086853 -0.18614861369132996 -0.4787082374095917 0.0 
                        7.748603820800781e-07 0.3359108567237854 4.76837158203125e-07 1.0 
                      }
                    }
                    <Joint> Index_Finger_2.R.001 {
                      <Transform> {
                        <Matrix4> {
                          -0.9986889362335205 0.03739533573389053 0.03495895117521286 0.0 
                          0.04039386659860611 0.9951744079589844 0.08942016214132309 0.0 
                          -0.031446367502212524 0.09071505069732666 -0.9953804016113281 0.0 
                          -7.748603820800781e-07 0.2081318199634552 -3.5762786865234375e-07 1.0 
                        }
                      }
                    }
                  }
                }
              }
              <Joint> Middle_Knuckle.R {
                <Transform> {
                  <Matrix4> {
                    0.5065698623657227 -0.2839389443397522 -0.8141041994094849 0.0 
                    0.2928478419780731 0.9447477459907532 -0.14728178083896637 0.0 
                    0.8109420537948608 -0.16380012035369873 0.5617315769195557 0.0 
                    -0.0839352011680603 3.150873899459839 -0.16197657585144043 1.0 
                  }
                }
                <Joint> Middle_Finger_0.R {
                  <Transform> {
                    <Matrix4> {
                      0.9996438026428223 -0.024745814502239227 -0.009990982711315155 0.0 
                      0.023174818605184555 0.9906027317047119 -0.13479283452033997 0.0 
                      0.013232607394456863 0.13451330363750458 0.9908233880996704 0.0 
                      5.811452865600586e-07 0.17987310886383057 0.0 1.0 
                    }
                  }
                  <Joint> Middle_Finger_1.R {
                    <Transform> {
                      <Matrix4> {
                        0.9736921191215515 -0.1946292519569397 -0.11850402504205704 0.0 
                        0.1943102926015854 0.9808349609375 -0.014351781457662582 0.0 
                        0.11902616173028946 -0.009052306413650513 0.9928497672080994 0.0 
                        -1.043081283569336e-07 0.3715229034423828 1.1920928955078125e-07 1.0 
                      }
                    }
                    <Joint> Middle_Finger_2.R {
                      <Transform> {
                        <Matrix4> {
                          0.9947751760482788 -0.04501566290855408 -0.09162876754999161 0.0 
                          0.047117024660110474 0.9986706376075745 0.020899947732686996 0.0 
                          0.09056611359119415 -0.025108085945248604 0.9955739378929138 0.0 
                          8.642673492431641e-07 0.25084561109542847 -8.344650268554688e-07 1.0 
                        }
                      }
                    }
                  }
                }
              }
              <Joint> Ring_Knucle.R {
                <Transform> {
                  <Matrix4> {
                    0.5732380747795105 -0.4262344241142273 -0.6998016834259033 0.0 
                    0.4321506917476654 0.882882297039032 -0.18375158309936523 0.0 
                    0.6961636543273926 -0.197086364030838 0.6902991533279419 0.0 
                    0.04995432496070862 3.1551523208618164 -0.028450965881347656 1.0 
                  }
                }
                <Joint> Ring_Finger_0.R {
                  <Transform> {
                    <Matrix4> {
                      0.9973573088645935 0.07263526320457458 -0.0015701055526733398 0.0 
                      -0.0726514607667923 0.9970120787620544 -0.026239559054374695 0.0 
                      -0.00034049153327941895 0.026284225285053253 0.9996544122695923 0.0 
                      4.172325134277344e-07 0.15486347675323486 2.384185791015625e-07 1.0 
                    }
                  }
                  <Joint> Ring_Finger_1.R {
                    <Transform> {
                      <Matrix4> {
                        0.989682674407959 -0.11495863646268845 -0.08551286160945892 0.0 
                        0.10672713071107864 0.9897101521492004 -0.0953039675951004 0.0 
                        0.0955890566110611 0.08519415557384491 0.9917685389518738 0.0 
                        -3.5762786865234375e-07 0.3581547737121582 4.76837158203125e-07 1.0 
                      }
                    }
                    <Joint> Ring_Finger_2.R {
                      <Transform> {
                        <Matrix4> {
                          0.9717479944229126 -0.1131054162979126 -0.2071545124053955 0.0 
                          0.10981200635433197 0.9935755729675293 -0.02736688405275345 0.0 
                          0.20891904830932617 0.0038457103073596954 0.9779254198074341 0.0 
                          5.960464477539062e-07 0.26892900466918945 -8.344650268554688e-07 1.0 
                        }
                      }
                    }
                  }
                }
              }
              <Joint> Pinky_Knuckle.R {
                <Transform> {
                  <Matrix4> {
                    0.7122915983200073 -0.4078507721424103 -0.5712252855300903 0.0 
                    0.4497615098953247 0.8900244235992432 -0.0746392160654068 0.0 
                    0.5388462543487549 -0.20375028252601624 0.8173924684524536 0.0 
                    0.2216801643371582 3.11077880859375 0.04304695129394531 1.0 
                  }
                }
                <Joint> Pinky_Finger_0.R {
                  <Transform> {
                    <Matrix4> {
                      0.9999908804893494 0.004280775785446167 2.7835369110107422e-05 0.0 
                      -0.004280701279640198 0.9998679757118225 0.01567913591861725 0.0 
                      3.933161497116089e-05 -0.015679121017456055 0.9998772144317627 0.0 
                      8.940696716308594e-07 0.09956681728363037 -1.7881393432617188e-07 1.0 
                    }
                  }
                  <Joint> Pinky_Finger_1.R {
                    <Transform> {
                      <Matrix4> {
                        0.9336907267570496 -0.20898377895355225 -0.2907704710960388 0.0 
                        0.19039957225322723 0.9774670004844666 -0.0911387950181961 0.0 
                        0.3032650947570801 0.029732897877693176 0.9524422883987427 0.0 
                        -3.5762786865234375e-07 0.2538902759552002 3.5762786865234375e-07 1.0 
                      }
                    }
                    <Joint> Pinky_Finger_2.R {
                      <Transform> {
                        <Matrix4> {
                          0.9649472832679749 -0.14660543203353882 -0.2176782190799713 0.0 
                          0.14016753435134888 0.9891130924224854 -0.044814251363277435 0.0 
                          0.22187837958335876 0.012731919065117836 0.9749912619590759 0.0 
                          -1.4901161193847656e-07 0.16943895816802979 -2.384185791015625e-07 1.0 
                        }
                      }
                    }
                  }
                }
              }
              <Joint> Thumb_Joint.R {
                <Transform> {
                  <Matrix4> {
                    -0.9319057464599609 -0.3287004232406616 -0.15332159399986267 0.0 
                    -0.07449806481599808 0.5871783494949341 -0.8060222864151001 0.0 
                    0.35496699810028076 -0.7397145628929138 -0.571682333946228 0.0 
                    -0.21197804808616638 2.6124932765960693 -0.24490952491760254 1.0 
                  }
                }
                <Joint> Thumb_0.R {
                  <Transform> {
                    <Matrix4> {
                      0.999903678894043 -0.013874568045139313 -5.545467138290405e-05 0.0 
                      0.013874582946300507 0.9998769164085388 0.007337478920817375 0.0 
                      -4.637986421585083e-05 -0.007337547838687897 0.9999730587005615 0.0 
                      -2.980232238769531e-07 0.23107433319091797 1.1920928955078125e-07 1.0 
                    }
                  }
                  <Joint> Thumb_1.R {
                    <Transform> {
                      <Matrix4> {
                        0.880967378616333 0.20672494173049927 0.42563068866729736 0.0 
                        -0.22413524985313416 0.9745128154754639 -0.009398382157087326 0.0 
                        -0.4167252779006958 -0.08711914718151093 0.9048482775688171 0.0 
                        -6.556510925292969e-07 0.46703076362609863 -2.980232238769531e-07 1.0 
                      }
                    }
                  }
                }
              }
            }
          }
        }
      }
      <Joint> Foot_IK.L {
        <Transform> {
          <Matrix4> {
            1.0 0.0 0.0 0.0 
            0.0 0.0 -1.0 0.0 
            0.0 1.0 0.0 0.0 
            1.839713215827942 0.8305540680885315 0.13685709238052368 1.0 
          }
        }
      }
      <Joint> Foot_IK.R {
        <Transform> {
          <Matrix4> {
            1.0 0.0 0.0 0.0 
            0.0 0.0 -1.0 0.0 
            0.0 1.0 0.0 0.0 
            -1.839713215827942 0.8305540680885315 0.13685709238052368 1.0 
          }
        }
      }
      <Joint> Knee_IK.L {
        <Transform> {
          <Matrix4> {
            -1.0 8.742277657347586e-08 0.0 0.0 
            0.0 0.0 1.0 0.0 
            8.742277657347586e-08 1.0 0.0 0.0 
            4.490893363952637 4.383328437805176 67.50645446777344 1.0 
          }
        }
      }
      <Joint> Knee_IK.R {
        <Transform> {
          <Matrix4> {
            -1.0 8.742277657347586e-08 0.0 0.0 
            0.0 0.0 1.0 0.0 
            8.742277657347586e-08 1.0 0.0 0.0 
            -4.490893363952637 4.383328437805176 67.50645446777344 1.0 
          }
        }
      }
      <Joint> Hand_IK.L {
        <Transform> {
          <Matrix4> {
            1.0 0.0 0.0 0.0 
            0.0 0.0 -1.0 0.0 
            0.0 1.0 0.0 0.0 
            4.378026962280273 9.806467056274414 1.7373980283737183 1.0 
          }
        }
        <Joint> Elbow_IK.L {
          <Transform> {
            <Matrix4> {
              1.0 0.0 0.0 0.0 
              0.0 1.0 0.0 0.0 
              0.0 0.0 1.0 0.0 
              -0.27079105377197266 58.66366958618164 1.1051483154296875 1.0 
            }
          }
        }
      }
      <Joint> Hand_IK.R {
        <Transform> {
          <Matrix4> {
            1.0 0.0 0.0 0.0 
            0.0 0.0 -1.0 0.0 
            0.0 1.0 0.0 0.0 
            -4.378026962280273 9.806467056274414 1.7373980283737183 1.0 
          }
        }
        <Joint> Elbow_IK.R {
          <Transform> {
            <Matrix4> {
              1.0 0.0 0.0 0.0 
              0.0 1.0 0.0 0.0 
              0.0 0.0 1.0 0.0 
              0.27079105377197266 58.66366958618164 1.1051483154296875 1.0 
            }
          }
        }
      }
    }
  }
